11111111111111111111111111111101
11111111111111111111111111111102
11111111111111111111111111111103
11111111111111111111111111111104
11111111111111111111111111111105
11111111111111111111111111111106
11111111111111111111111111111107
11111111111111111111111111111108
11111111111111111111111111111109
11111111111111111111111111111110
11111111111111111111111111111111
11111111111111111111111111111112
11111111111111111111111111111113
11111111111111111111111111111114
11111111111111111111111111111115
11111111111111111111111111111116
11111111111111111111111111111117
11111111111111111111111111111118
11111111111111111111111111111119
11111111111111111111111111111120
11111111111111111111111111111121
11111111111111111111111111111122
11111111111111111111111111111123
11111111111111111111111111111124
11111111111111111111111111111125
11111111111111111111111111111126
11111111111111111111111111111127
11111111111111111111111111111128
11111111111111111111111111111129
11111111111111111111111111111130
11111111111111111111111111111131
11111111111111111111111111111132
11111111111111111111111111111133
11111111111111111111111111111134
11111111111111111111111111111135
11111111111111111111111111111136
11111111111111111111111111111137
11111111111111111111111111111138
11111111111111111111111111111139
11111111111111111111111111111140
11111111111111111111111111111141
11111111111111111111111111111142
11111111111111111111111111111143
11111111111111111111111111111144
11111111111111111111111111111145
11111111111111111111111111111146
11111111111111111111111111111147
11111111111111111111111111111148
11111111111111111111111111111149
11111111111111111111111111111150
11111111111111111111111111111151
11111111111111111111111111111152
11111111111111111111111111111153
11111111111111111111111111111154
11111111111111111111111111111155
11111111111111111111111111111156
11111111111111111111111111111157
11111111111111111111111111111158
11111111111111111111111111111159
11111111111111111111111111111160
11111111111111111111111111111161
11111111111111111111111111111162
11111111111111111111111111111163
11111111111111111111111111111164
11111111111111111111111111111165
11111111111111111111111111111166
11111111111111111111111111111167
11111111111111111111111111111168
11111111111111111111111111111169
11111111111111111111111111111170
11111111111111111111111111111171
11111111111111111111111111111172
11111111111111111111111111111173
11111111111111111111111111111174
11111111111111111111111111111175
11111111111111111111111111111176
11111111111111111111111111111177
11111111111111111111111111111178
11111111111111111111111111111179
11111111111111111111111111111180
11111111111111111111111111111181
11111111111111111111111111111182
11111111111111111111111111111183
11111111111111111111111111111184
11111111111111111111111111111185
11111111111111111111111111111186
11111111111111111111111111111187
11111111111111111111111111111188
11111111111111111111111111111189
11111111111111111111111111111190
11111111111111111111111111111191
11111111111111111111111111111192
11111111111111111111111111111193
11111111111111111111111111111194
11111111111111111111111111111195
11111111111111111111111111111196
11111111111111111111111111111197
11111111111111111111111111111198
11111111111111111111111111111199
111111111111111111111111111111100
111111111111111111111111111111101
111111111111111111111111111111102
111111111111111111111111111111103
111111111111111111111111111111104
111111111111111111111111111111105
111111111111111111111111111111106
111111111111111111111111111111107
111111111111111111111111111111108
111111111111111111111111111111109
111111111111111111111111111111110
111111111111111111111111111111111
111111111111111111111111111111112
111111111111111111111111111111113
111111111111111111111111111111114
111111111111111111111111111111115
111111111111111111111111111111116
111111111111111111111111111111117
111111111111111111111111111111118
111111111111111111111111111111119
111111111111111111111111111111120
111111111111111111111111111111121
111111111111111111111111111111122
111111111111111111111111111111123
111111111111111111111111111111124
111111111111111111111111111111125
111111111111111111111111111111126
111111111111111111111111111111127
111111111111111111111111111111128
111111111111111111111111111111129
111111111111111111111111111111130
111111111111111111111111111111131
111111111111111111111111111111132
111111111111111111111111111111133
111111111111111111111111111111134
111111111111111111111111111111135
111111111111111111111111111111136
111111111111111111111111111111137
111111111111111111111111111111138
111111111111111111111111111111139
111111111111111111111111111111140
111111111111111111111111111111141
111111111111111111111111111111142
111111111111111111111111111111143
111111111111111111111111111111144
111111111111111111111111111111145
111111111111111111111111111111146
111111111111111111111111111111147
111111111111111111111111111111148
111111111111111111111111111111149
111111111111111111111111111111150
111111111111111111111111111111151
111111111111111111111111111111152
111111111111111111111111111111153
111111111111111111111111111111154
111111111111111111111111111111155
111111111111111111111111111111156
111111111111111111111111111111157
111111111111111111111111111111158
111111111111111111111111111111159
111111111111111111111111111111160
111111111111111111111111111111161
111111111111111111111111111111162
111111111111111111111111111111163
111111111111111111111111111111164
111111111111111111111111111111165
111111111111111111111111111111166
111111111111111111111111111111167
111111111111111111111111111111168
111111111111111111111111111111169
111111111111111111111111111111170
111111111111111111111111111111171
111111111111111111111111111111172
111111111111111111111111111111173
111111111111111111111111111111174
111111111111111111111111111111175
111111111111111111111111111111176
111111111111111111111111111111177
111111111111111111111111111111178
111111111111111111111111111111179
111111111111111111111111111111180
111111111111111111111111111111181
111111111111111111111111111111182
111111111111111111111111111111183
111111111111111111111111111111184
111111111111111111111111111111185
111111111111111111111111111111186
111111111111111111111111111111187
111111111111111111111111111111188
111111111111111111111111111111189
111111111111111111111111111111190
111111111111111111111111111111191
111111111111111111111111111111192
111111111111111111111111111111193
111111111111111111111111111111194
111111111111111111111111111111195
111111111111111111111111111111196
111111111111111111111111111111197
111111111111111111111111111111198
111111111111111111111111111111199
111111111111111111111111111111200
111111111111111111111111111111201
111111111111111111111111111111202
111111111111111111111111111111203
111111111111111111111111111111204
111111111111111111111111111111205
111111111111111111111111111111206
111111111111111111111111111111207
111111111111111111111111111111208
111111111111111111111111111111209
111111111111111111111111111111210
111111111111111111111111111111211
111111111111111111111111111111212
111111111111111111111111111111213
111111111111111111111111111111214
111111111111111111111111111111215
111111111111111111111111111111216
111111111111111111111111111111217
111111111111111111111111111111218
111111111111111111111111111111219
111111111111111111111111111111220
111111111111111111111111111111221
111111111111111111111111111111222
111111111111111111111111111111223
111111111111111111111111111111224
111111111111111111111111111111225
111111111111111111111111111111226
111111111111111111111111111111227
111111111111111111111111111111228
111111111111111111111111111111229
111111111111111111111111111111230
111111111111111111111111111111231
111111111111111111111111111111232
111111111111111111111111111111233
111111111111111111111111111111234
111111111111111111111111111111235
111111111111111111111111111111236
111111111111111111111111111111237
111111111111111111111111111111238
111111111111111111111111111111239
111111111111111111111111111111240
111111111111111111111111111111241
111111111111111111111111111111242
111111111111111111111111111111243
111111111111111111111111111111244
111111111111111111111111111111245
111111111111111111111111111111246
111111111111111111111111111111247
111111111111111111111111111111248
111111111111111111111111111111249
111111111111111111111111111111250
111111111111111111111111111111251
111111111111111111111111111111252
111111111111111111111111111111253
111111111111111111111111111111254
111111111111111111111111111111255
111111111111111111111111111111256
111111111111111111111111111111257
111111111111111111111111111111258
111111111111111111111111111111259
111111111111111111111111111111260
111111111111111111111111111111261
111111111111111111111111111111262
111111111111111111111111111111263
111111111111111111111111111111264
111111111111111111111111111111265
111111111111111111111111111111266
111111111111111111111111111111267
111111111111111111111111111111268
111111111111111111111111111111269
111111111111111111111111111111270
111111111111111111111111111111271
111111111111111111111111111111272
111111111111111111111111111111273
111111111111111111111111111111274
111111111111111111111111111111275
111111111111111111111111111111276
111111111111111111111111111111277
111111111111111111111111111111278
111111111111111111111111111111279
111111111111111111111111111111280
111111111111111111111111111111281
111111111111111111111111111111282
111111111111111111111111111111283
111111111111111111111111111111284
111111111111111111111111111111285
111111111111111111111111111111286
111111111111111111111111111111287
111111111111111111111111111111288
111111111111111111111111111111289
111111111111111111111111111111290
111111111111111111111111111111291
111111111111111111111111111111292
111111111111111111111111111111293
111111111111111111111111111111294
111111111111111111111111111111295
111111111111111111111111111111296
111111111111111111111111111111297
111111111111111111111111111111298
111111111111111111111111111111299
111111111111111111111111111111300
111111111111111111111111111111301
111111111111111111111111111111302
111111111111111111111111111111303
111111111111111111111111111111304
111111111111111111111111111111305
111111111111111111111111111111306
111111111111111111111111111111307
111111111111111111111111111111308
111111111111111111111111111111309
111111111111111111111111111111310
111111111111111111111111111111311
111111111111111111111111111111312
111111111111111111111111111111313
111111111111111111111111111111314
111111111111111111111111111111315
111111111111111111111111111111316
111111111111111111111111111111317
111111111111111111111111111111318
111111111111111111111111111111319
111111111111111111111111111111320
111111111111111111111111111111321
111111111111111111111111111111322
111111111111111111111111111111323
111111111111111111111111111111324
111111111111111111111111111111325
111111111111111111111111111111326
111111111111111111111111111111327
111111111111111111111111111111328
111111111111111111111111111111329
111111111111111111111111111111330
111111111111111111111111111111331
111111111111111111111111111111332
111111111111111111111111111111333
111111111111111111111111111111334
111111111111111111111111111111335
111111111111111111111111111111336
111111111111111111111111111111337
111111111111111111111111111111338
111111111111111111111111111111339
111111111111111111111111111111340
111111111111111111111111111111341
111111111111111111111111111111342
111111111111111111111111111111343
111111111111111111111111111111344
111111111111111111111111111111345
111111111111111111111111111111346
111111111111111111111111111111347
111111111111111111111111111111348
111111111111111111111111111111349
111111111111111111111111111111350
111111111111111111111111111111351
111111111111111111111111111111352
111111111111111111111111111111353
111111111111111111111111111111354
111111111111111111111111111111355
111111111111111111111111111111356
111111111111111111111111111111357
111111111111111111111111111111358
111111111111111111111111111111359
111111111111111111111111111111360
111111111111111111111111111111361
111111111111111111111111111111362
111111111111111111111111111111363
111111111111111111111111111111364
111111111111111111111111111111365
111111111111111111111111111111366
111111111111111111111111111111367
111111111111111111111111111111368
111111111111111111111111111111369
111111111111111111111111111111370
111111111111111111111111111111371
111111111111111111111111111111372
111111111111111111111111111111373
111111111111111111111111111111374
111111111111111111111111111111375
111111111111111111111111111111376
111111111111111111111111111111377
111111111111111111111111111111378
111111111111111111111111111111379
111111111111111111111111111111380
111111111111111111111111111111381
111111111111111111111111111111382
111111111111111111111111111111383
111111111111111111111111111111384
111111111111111111111111111111385
111111111111111111111111111111386
111111111111111111111111111111387
111111111111111111111111111111388
111111111111111111111111111111389
111111111111111111111111111111390
111111111111111111111111111111391
111111111111111111111111111111392
111111111111111111111111111111393
111111111111111111111111111111394
111111111111111111111111111111395
111111111111111111111111111111396
111111111111111111111111111111397
111111111111111111111111111111398
111111111111111111111111111111399
111111111111111111111111111111400
111111111111111111111111111111401
111111111111111111111111111111402
111111111111111111111111111111403
111111111111111111111111111111404
111111111111111111111111111111405
111111111111111111111111111111406
111111111111111111111111111111407
111111111111111111111111111111408
111111111111111111111111111111409
111111111111111111111111111111410
111111111111111111111111111111411
111111111111111111111111111111412
111111111111111111111111111111413
111111111111111111111111111111414
111111111111111111111111111111415
111111111111111111111111111111416
111111111111111111111111111111417
111111111111111111111111111111418
111111111111111111111111111111419
111111111111111111111111111111420
111111111111111111111111111111421
111111111111111111111111111111422
111111111111111111111111111111423
111111111111111111111111111111424
111111111111111111111111111111425
111111111111111111111111111111426
111111111111111111111111111111427
111111111111111111111111111111428
111111111111111111111111111111429
111111111111111111111111111111430
111111111111111111111111111111431
111111111111111111111111111111432
111111111111111111111111111111433
111111111111111111111111111111434
111111111111111111111111111111435
111111111111111111111111111111436
111111111111111111111111111111437
111111111111111111111111111111438
111111111111111111111111111111439
111111111111111111111111111111440
111111111111111111111111111111441
111111111111111111111111111111442
111111111111111111111111111111443
111111111111111111111111111111444
111111111111111111111111111111445
111111111111111111111111111111446
111111111111111111111111111111447
111111111111111111111111111111448
111111111111111111111111111111449
111111111111111111111111111111450
111111111111111111111111111111451
111111111111111111111111111111452
111111111111111111111111111111453
111111111111111111111111111111454
111111111111111111111111111111455
111111111111111111111111111111456
111111111111111111111111111111457
111111111111111111111111111111458
111111111111111111111111111111459
111111111111111111111111111111460
111111111111111111111111111111461
111111111111111111111111111111462
111111111111111111111111111111463
111111111111111111111111111111464
111111111111111111111111111111465
111111111111111111111111111111466
111111111111111111111111111111467
111111111111111111111111111111468
111111111111111111111111111111469
111111111111111111111111111111470
111111111111111111111111111111471
111111111111111111111111111111472
111111111111111111111111111111473
111111111111111111111111111111474
111111111111111111111111111111475
111111111111111111111111111111476
111111111111111111111111111111477
111111111111111111111111111111478
111111111111111111111111111111479
111111111111111111111111111111480
111111111111111111111111111111481
111111111111111111111111111111482
111111111111111111111111111111483
111111111111111111111111111111484
111111111111111111111111111111485
111111111111111111111111111111486
111111111111111111111111111111487
111111111111111111111111111111488
111111111111111111111111111111489
111111111111111111111111111111490
111111111111111111111111111111491
111111111111111111111111111111492
111111111111111111111111111111493
111111111111111111111111111111494
111111111111111111111111111111495
111111111111111111111111111111496
111111111111111111111111111111497
111111111111111111111111111111498
111111111111111111111111111111499
111111111111111111111111111111500
111111111111111111111111111111501
111111111111111111111111111111502
111111111111111111111111111111503
111111111111111111111111111111504
111111111111111111111111111111505
111111111111111111111111111111506
111111111111111111111111111111507
111111111111111111111111111111508
111111111111111111111111111111509
111111111111111111111111111111510
111111111111111111111111111111511
111111111111111111111111111111512
111111111111111111111111111111513
111111111111111111111111111111514
111111111111111111111111111111515
111111111111111111111111111111516
111111111111111111111111111111517
111111111111111111111111111111518
111111111111111111111111111111519
111111111111111111111111111111520
111111111111111111111111111111521
111111111111111111111111111111522
111111111111111111111111111111523
111111111111111111111111111111524
111111111111111111111111111111525
111111111111111111111111111111526
111111111111111111111111111111527
111111111111111111111111111111528
111111111111111111111111111111529
111111111111111111111111111111530
111111111111111111111111111111531
111111111111111111111111111111532
111111111111111111111111111111533
111111111111111111111111111111534
111111111111111111111111111111535
111111111111111111111111111111536
111111111111111111111111111111537
111111111111111111111111111111538
111111111111111111111111111111539
111111111111111111111111111111540
111111111111111111111111111111541
111111111111111111111111111111542
111111111111111111111111111111543
111111111111111111111111111111544
111111111111111111111111111111545
111111111111111111111111111111546
111111111111111111111111111111547
111111111111111111111111111111548
111111111111111111111111111111549
111111111111111111111111111111550
111111111111111111111111111111551
111111111111111111111111111111552
111111111111111111111111111111553
111111111111111111111111111111554
111111111111111111111111111111555
111111111111111111111111111111556
111111111111111111111111111111557
111111111111111111111111111111558
111111111111111111111111111111559
111111111111111111111111111111560
111111111111111111111111111111561
111111111111111111111111111111562
111111111111111111111111111111563
111111111111111111111111111111564
111111111111111111111111111111565
111111111111111111111111111111566
111111111111111111111111111111567
111111111111111111111111111111568
111111111111111111111111111111569
111111111111111111111111111111570
111111111111111111111111111111571
111111111111111111111111111111572
111111111111111111111111111111573
111111111111111111111111111111574
111111111111111111111111111111575
111111111111111111111111111111576
111111111111111111111111111111577
111111111111111111111111111111578
111111111111111111111111111111579
111111111111111111111111111111580
111111111111111111111111111111581
111111111111111111111111111111582
111111111111111111111111111111583
111111111111111111111111111111584
111111111111111111111111111111585
111111111111111111111111111111586
111111111111111111111111111111587
111111111111111111111111111111588
111111111111111111111111111111589
111111111111111111111111111111590
111111111111111111111111111111591
111111111111111111111111111111592
111111111111111111111111111111593
111111111111111111111111111111594
111111111111111111111111111111595
111111111111111111111111111111596
111111111111111111111111111111597
111111111111111111111111111111598
111111111111111111111111111111599
111111111111111111111111111111600
111111111111111111111111111111601
111111111111111111111111111111602
111111111111111111111111111111603
111111111111111111111111111111604
111111111111111111111111111111605
111111111111111111111111111111606
111111111111111111111111111111607
111111111111111111111111111111608
111111111111111111111111111111609
111111111111111111111111111111610
111111111111111111111111111111611
111111111111111111111111111111612
111111111111111111111111111111613
111111111111111111111111111111614
111111111111111111111111111111615
111111111111111111111111111111616
111111111111111111111111111111617
111111111111111111111111111111618
111111111111111111111111111111619
111111111111111111111111111111620
111111111111111111111111111111621
111111111111111111111111111111622
111111111111111111111111111111623
111111111111111111111111111111624
111111111111111111111111111111625
111111111111111111111111111111626
111111111111111111111111111111627
111111111111111111111111111111628
111111111111111111111111111111629
111111111111111111111111111111630
111111111111111111111111111111631
111111111111111111111111111111632
111111111111111111111111111111633
111111111111111111111111111111634
111111111111111111111111111111635
111111111111111111111111111111636
111111111111111111111111111111637
111111111111111111111111111111638
111111111111111111111111111111639
111111111111111111111111111111640
111111111111111111111111111111641
111111111111111111111111111111642
111111111111111111111111111111643
111111111111111111111111111111644
111111111111111111111111111111645
111111111111111111111111111111646
111111111111111111111111111111647
111111111111111111111111111111648
111111111111111111111111111111649
111111111111111111111111111111650
111111111111111111111111111111651
111111111111111111111111111111652
111111111111111111111111111111653
111111111111111111111111111111654
111111111111111111111111111111655
111111111111111111111111111111656
111111111111111111111111111111657
111111111111111111111111111111658
111111111111111111111111111111659
111111111111111111111111111111660
111111111111111111111111111111661
111111111111111111111111111111662
111111111111111111111111111111663
111111111111111111111111111111664
111111111111111111111111111111665
111111111111111111111111111111666
111111111111111111111111111111667
111111111111111111111111111111668
111111111111111111111111111111669
111111111111111111111111111111670
111111111111111111111111111111671
111111111111111111111111111111672
111111111111111111111111111111673
111111111111111111111111111111674
111111111111111111111111111111675
111111111111111111111111111111676
111111111111111111111111111111677
111111111111111111111111111111678
111111111111111111111111111111679
111111111111111111111111111111680
111111111111111111111111111111681
111111111111111111111111111111682
111111111111111111111111111111683
111111111111111111111111111111684
111111111111111111111111111111685
111111111111111111111111111111686
111111111111111111111111111111687
111111111111111111111111111111688
111111111111111111111111111111689
111111111111111111111111111111690
111111111111111111111111111111691
111111111111111111111111111111692
111111111111111111111111111111693
111111111111111111111111111111694
111111111111111111111111111111695
111111111111111111111111111111696
111111111111111111111111111111697
111111111111111111111111111111698
111111111111111111111111111111699
111111111111111111111111111111700
111111111111111111111111111111701
111111111111111111111111111111702
111111111111111111111111111111703
111111111111111111111111111111704
111111111111111111111111111111705
111111111111111111111111111111706
111111111111111111111111111111707
111111111111111111111111111111708
111111111111111111111111111111709
111111111111111111111111111111710
111111111111111111111111111111711
111111111111111111111111111111712
111111111111111111111111111111713
111111111111111111111111111111714
111111111111111111111111111111715
111111111111111111111111111111716
111111111111111111111111111111717
111111111111111111111111111111718
111111111111111111111111111111719
111111111111111111111111111111720
111111111111111111111111111111721
111111111111111111111111111111722
111111111111111111111111111111723
111111111111111111111111111111724
111111111111111111111111111111725
111111111111111111111111111111726
111111111111111111111111111111727
111111111111111111111111111111728
111111111111111111111111111111729
111111111111111111111111111111730
111111111111111111111111111111731
111111111111111111111111111111732
111111111111111111111111111111733
111111111111111111111111111111734
111111111111111111111111111111735
111111111111111111111111111111736
111111111111111111111111111111737
111111111111111111111111111111738
111111111111111111111111111111739
111111111111111111111111111111740
111111111111111111111111111111741
111111111111111111111111111111742
111111111111111111111111111111743
111111111111111111111111111111744
111111111111111111111111111111745
111111111111111111111111111111746
111111111111111111111111111111747
111111111111111111111111111111748
111111111111111111111111111111749
111111111111111111111111111111750
111111111111111111111111111111751
111111111111111111111111111111752
111111111111111111111111111111753
111111111111111111111111111111754
111111111111111111111111111111755
111111111111111111111111111111756
111111111111111111111111111111757
111111111111111111111111111111758
111111111111111111111111111111759
111111111111111111111111111111760
111111111111111111111111111111761
111111111111111111111111111111762
111111111111111111111111111111763
111111111111111111111111111111764
111111111111111111111111111111765
111111111111111111111111111111766
111111111111111111111111111111767
111111111111111111111111111111768
111111111111111111111111111111769
111111111111111111111111111111770
111111111111111111111111111111771
111111111111111111111111111111772
111111111111111111111111111111773
111111111111111111111111111111774
111111111111111111111111111111775
111111111111111111111111111111776
111111111111111111111111111111777
111111111111111111111111111111778
111111111111111111111111111111779
111111111111111111111111111111780
111111111111111111111111111111781
111111111111111111111111111111782
111111111111111111111111111111783
111111111111111111111111111111784
111111111111111111111111111111785
111111111111111111111111111111786
111111111111111111111111111111787
111111111111111111111111111111788
111111111111111111111111111111789
111111111111111111111111111111790
111111111111111111111111111111791
111111111111111111111111111111792
111111111111111111111111111111793
111111111111111111111111111111794
111111111111111111111111111111795
111111111111111111111111111111796
111111111111111111111111111111797
111111111111111111111111111111798
111111111111111111111111111111799
111111111111111111111111111111800
111111111111111111111111111111801
111111111111111111111111111111802
111111111111111111111111111111803
111111111111111111111111111111804
111111111111111111111111111111805
111111111111111111111111111111806
111111111111111111111111111111807
111111111111111111111111111111808
111111111111111111111111111111809
111111111111111111111111111111810
111111111111111111111111111111811
111111111111111111111111111111812
111111111111111111111111111111813
111111111111111111111111111111814
111111111111111111111111111111815
111111111111111111111111111111816
111111111111111111111111111111817
111111111111111111111111111111818
111111111111111111111111111111819
111111111111111111111111111111820
111111111111111111111111111111821
111111111111111111111111111111822
111111111111111111111111111111823
111111111111111111111111111111824
111111111111111111111111111111825
111111111111111111111111111111826
111111111111111111111111111111827
111111111111111111111111111111828
111111111111111111111111111111829
111111111111111111111111111111830
111111111111111111111111111111831
111111111111111111111111111111832
111111111111111111111111111111833
111111111111111111111111111111834
111111111111111111111111111111835
111111111111111111111111111111836
111111111111111111111111111111837
111111111111111111111111111111838
111111111111111111111111111111839
111111111111111111111111111111840
111111111111111111111111111111841
111111111111111111111111111111842
111111111111111111111111111111843
111111111111111111111111111111844
111111111111111111111111111111845
111111111111111111111111111111846
111111111111111111111111111111847
111111111111111111111111111111848
111111111111111111111111111111849
111111111111111111111111111111850
111111111111111111111111111111851
111111111111111111111111111111852
111111111111111111111111111111853
111111111111111111111111111111854
111111111111111111111111111111855
111111111111111111111111111111856
111111111111111111111111111111857
111111111111111111111111111111858
111111111111111111111111111111859
111111111111111111111111111111860
111111111111111111111111111111861
111111111111111111111111111111862
111111111111111111111111111111863
111111111111111111111111111111864
111111111111111111111111111111865
111111111111111111111111111111866
111111111111111111111111111111867
111111111111111111111111111111868
111111111111111111111111111111869
111111111111111111111111111111870
111111111111111111111111111111871
111111111111111111111111111111872
111111111111111111111111111111873
111111111111111111111111111111874
111111111111111111111111111111875
111111111111111111111111111111876
111111111111111111111111111111877
111111111111111111111111111111878
111111111111111111111111111111879
111111111111111111111111111111880
111111111111111111111111111111881
111111111111111111111111111111882
111111111111111111111111111111883
111111111111111111111111111111884
111111111111111111111111111111885
111111111111111111111111111111886
111111111111111111111111111111887
111111111111111111111111111111888
111111111111111111111111111111889
111111111111111111111111111111890
111111111111111111111111111111891
111111111111111111111111111111892
111111111111111111111111111111893
111111111111111111111111111111894
111111111111111111111111111111895
111111111111111111111111111111896
111111111111111111111111111111897
111111111111111111111111111111898
111111111111111111111111111111899
111111111111111111111111111111900
111111111111111111111111111111901
111111111111111111111111111111902
111111111111111111111111111111903
111111111111111111111111111111904
111111111111111111111111111111905
111111111111111111111111111111906
111111111111111111111111111111907
111111111111111111111111111111908
111111111111111111111111111111909
111111111111111111111111111111910
111111111111111111111111111111911
111111111111111111111111111111912
111111111111111111111111111111913
111111111111111111111111111111914
111111111111111111111111111111915
111111111111111111111111111111916
111111111111111111111111111111917
111111111111111111111111111111918
111111111111111111111111111111919
111111111111111111111111111111920
111111111111111111111111111111921
111111111111111111111111111111922
111111111111111111111111111111923
111111111111111111111111111111924
111111111111111111111111111111925
111111111111111111111111111111926
111111111111111111111111111111927
111111111111111111111111111111928
111111111111111111111111111111929
111111111111111111111111111111930
111111111111111111111111111111931
111111111111111111111111111111932
111111111111111111111111111111933
111111111111111111111111111111934
111111111111111111111111111111935
111111111111111111111111111111936
111111111111111111111111111111937
111111111111111111111111111111938
111111111111111111111111111111939
111111111111111111111111111111940
111111111111111111111111111111941
111111111111111111111111111111942
111111111111111111111111111111943
111111111111111111111111111111944
111111111111111111111111111111945
111111111111111111111111111111946
111111111111111111111111111111947
111111111111111111111111111111948
111111111111111111111111111111949
111111111111111111111111111111950
111111111111111111111111111111951
111111111111111111111111111111952
111111111111111111111111111111953
111111111111111111111111111111954
111111111111111111111111111111955
111111111111111111111111111111956
111111111111111111111111111111957
111111111111111111111111111111958
111111111111111111111111111111959
111111111111111111111111111111960
111111111111111111111111111111961
111111111111111111111111111111962
111111111111111111111111111111963
111111111111111111111111111111964
111111111111111111111111111111965
111111111111111111111111111111966
111111111111111111111111111111967
111111111111111111111111111111968
111111111111111111111111111111969
111111111111111111111111111111970
111111111111111111111111111111971
111111111111111111111111111111972
111111111111111111111111111111973
111111111111111111111111111111974
111111111111111111111111111111975
111111111111111111111111111111976
111111111111111111111111111111977
111111111111111111111111111111978
111111111111111111111111111111979
111111111111111111111111111111980
111111111111111111111111111111981
111111111111111111111111111111982
111111111111111111111111111111983
111111111111111111111111111111984
111111111111111111111111111111985
111111111111111111111111111111986
111111111111111111111111111111987
111111111111111111111111111111988
111111111111111111111111111111989
111111111111111111111111111111990
111111111111111111111111111111991
111111111111111111111111111111992
111111111111111111111111111111993
111111111111111111111111111111994
111111111111111111111111111111995
111111111111111111111111111111996
111111111111111111111111111111997
111111111111111111111111111111998
111111111111111111111111111111999
1111111111111111111111111111111000
